1.36668000e+02 -7.53788000e+00 -5.42952000e-01 2.67319000e-02 3.55946000e-03 0.00000000e+00 0.00000000e+00 0.00000000e+00 0.00000000e+00 0.00000000e+00 0.00000000e+00 0.00000000e+00 0.00000000e+00 0.00000000e+00 0.00000000e+00 0.00000000e+00 0.00000000e+00 -1.35934000e-01 -1.35934000e-01 -1.35934000e-01 0.00000000e+00 0.00000000e+00 0.00000000e+00 -2.06048000e-02 -2.06048000e-02 -2.06048000e-02 0.00000000e+00 0.00000000e+00 0.00000000e+00
-7.53788000e+00 6.41283000e+00 -1.78636000e+00 1.68324000e-01 2.45374000e-02 0.00000000e+00 0.00000000e+00 0.00000000e+00 0.00000000e+00 0.00000000e+00 0.00000000e+00 0.00000000e+00 0.00000000e+00 0.00000000e+00 0.00000000e+00 0.00000000e+00 0.00000000e+00 -4.30008000e-01 -4.30008000e-01 -4.30008000e-01 0.00000000e+00 0.00000000e+00 0.00000000e+00 -1.12471000e-01 -1.12471000e-01 -1.12471000e-01 0.00000000e+00 0.00000000e+00 0.00000000e+00
-5.42952000e-01 -1.78636000e+00 1.48333000e+00 3.39082000e-01 8.06410000e-02 0.00000000e+00 0.00000000e+00 0.00000000e+00 0.00000000e+00 0.00000000e+00 0.00000000e+00 0.00000000e+00 0.00000000e+00 0.00000000e+00 0.00000000e+00 0.00000000e+00 0.00000000e+00 4.87942000e-01 4.87942000e-01 4.87942000e-01 0.00000000e+00 0.00000000e+00 0.00000000e+00 -4.80484000e-02 -4.80484000e-02 -4.80484000e-02 0.00000000e+00 0.00000000e+00 0.00000000e+00
2.67319000e-02 1.68324000e-01 3.39082000e-01 2.90700000e-01 1.09325000e-01 0.00000000e+00 0.00000000e+00 0.00000000e+00 0.00000000e+00 0.00000000e+00 0.00000000e+00 0.00000000e+00 0.00000000e+00 0.00000000e+00 0.00000000e+00 0.00000000e+00 0.00000000e+00 2.39672000e-01 2.39672000e-01 2.39672000e-01 0.00000000e+00 0.00000000e+00 0.00000000e+00 5.78473000e-02 5.78473000e-02 5.78473000e-02 0.00000000e+00 0.00000000e+00 0.00000000e+00
3.55946000e-03 2.45374000e-02 8.06410000e-02 1.09325000e-01 9.12000000e-02 0.00000000e+00 0.00000000e+00 0.00000000e+00 0.00000000e+00 0.00000000e+00 0.00000000e+00 0.00000000e+00 0.00000000e+00 0.00000000e+00 0.00000000e+00 0.00000000e+00 0.00000000e+00 7.11641000e-02 7.11641000e-02 7.11641000e-02 0.00000000e+00 0.00000000e+00 0.00000000e+00 7.62904000e-02 7.62904000e-02 7.62904000e-02 0.00000000e+00 0.00000000e+00 0.00000000e+00
0.00000000e+00 0.00000000e+00 0.00000000e+00 0.00000000e+00 0.00000000e+00 2.06604000e+01 0.00000000e+00 0.00000000e+00 5.91464000e-01 0.00000000e+00 0.00000000e+00 6.84450000e-02 0.00000000e+00 0.00000000e+00 4.79463000e-03 0.00000000e+00 0.00000000e+00 0.00000000e+00 0.00000000e+00 0.00000000e+00 0.00000000e+00 0.00000000e+00 0.00000000e+00 0.00000000e+00 0.00000000e+00 0.00000000e+00 0.00000000e+00 0.00000000e+00 0.00000000e+00
0.00000000e+00 0.00000000e+00 0.00000000e+00 0.00000000e+00 0.00000000e+00 0.00000000e+00 2.06604000e+01 0.00000000e+00 0.00000000e+00 5.91464000e-01 0.00000000e+00 0.00000000e+00 6.84450000e-02 0.00000000e+00 0.00000000e+00 4.79463000e-03 0.00000000e+00 0.00000000e+00 0.00000000e+00 0.00000000e+00 0.00000000e+00 0.00000000e+00 0.00000000e+00 0.00000000e+00 0.00000000e+00 0.00000000e+00 0.00000000e+00 0.00000000e+00 0.00000000e+00
0.00000000e+00 0.00000000e+00 0.00000000e+00 0.00000000e+00 0.00000000e+00 0.00000000e+00 0.00000000e+00 2.06604000e+01 0.00000000e+00 0.00000000e+00 5.91464000e-01 0.00000000e+00 0.00000000e+00 6.84450000e-02 0.00000000e+00 0.00000000e+00 4.79463000e-03 0.00000000e+00 0.00000000e+00 0.00000000e+00 0.00000000e+00 0.00000000e+00 0.00000000e+00 0.00000000e+00 0.00000000e+00 0.00000000e+00 0.00000000e+00 0.00000000e+00 0.00000000e+00
0.00000000e+00 0.00000000e+00 0.00000000e+00 0.00000000e+00 0.00000000e+00 5.91464000e-01 0.00000000e+00 0.00000000e+00 1.53370000e+00 0.00000000e+00 0.00000000e+00 3.89670000e-01 0.00000000e+00 0.00000000e+00 4.33915000e-02 0.00000000e+00 0.00000000e+00 0.00000000e+00 0.00000000e+00 0.00000000e+00 0.00000000e+00 0.00000000e+00 0.00000000e+00 0.00000000e+00 0.00000000e+00 0.00000000e+00 0.00000000e+00 0.00000000e+00 0.00000000e+00
0.00000000e+00 0.00000000e+00 0.00000000e+00 0.00000000e+00 0.00000000e+00 0.00000000e+00 5.91464000e-01 0.00000000e+00 0.00000000e+00 1.53370000e+00 0.00000000e+00 0.00000000e+00 3.89670000e-01 0.00000000e+00 0.00000000e+00 4.33915000e-02 0.00000000e+00 0.00000000e+00 0.00000000e+00 0.00000000e+00 0.00000000e+00 0.00000000e+00 0.00000000e+00 0.00000000e+00 0.00000000e+00 0.00000000e+00 0.00000000e+00 0.00000000e+00 0.00000000e+00
0.00000000e+00 0.00000000e+00 0.00000000e+00 0.00000000e+00 0.00000000e+00 0.00000000e+00 0.00000000e+00 5.91464000e-01 0.00000000e+00 0.00000000e+00 1.53370000e+00 0.00000000e+00 0.00000000e+00 3.89670000e-01 0.00000000e+00 0.00000000e+00 4.33915000e-02 0.00000000e+00 0.00000000e+00 0.00000000e+00 0.00000000e+00 0.00000000e+00 0.00000000e+00 0.00000000e+00 0.00000000e+00 0.00000000e+00 0.00000000e+00 0.00000000e+00 0.00000000e+00
0.00000000e+00 0.00000000e+00 0.00000000e+00 0.00000000e+00 0.00000000e+00 6.84450000e-02 0.00000000e+00 0.00000000e+00 3.89670000e-01 0.00000000e+00 0.00000000e+00 4.05000000e-01 0.00000000e+00 0.00000000e+00 1.14610000e-01 0.00000000e+00 0.00000000e+00 0.00000000e+00 0.00000000e+00 0.00000000e+00 0.00000000e+00 0.00000000e+00 0.00000000e+00 0.00000000e+00 0.00000000e+00 0.00000000e+00 0.00000000e+00 0.00000000e+00 0.00000000e+00
0.00000000e+00 0.00000000e+00 0.00000000e+00 0.00000000e+00 0.00000000e+00 0.00000000e+00 6.84450000e-02 0.00000000e+00 0.00000000e+00 3.89670000e-01 0.00000000e+00 0.00000000e+00 4.05000000e-01 0.00000000e+00 0.00000000e+00 1.14610000e-01 0.00000000e+00 0.00000000e+00 0.00000000e+00 0.00000000e+00 0.00000000e+00 0.00000000e+00 0.00000000e+00 0.00000000e+00 0.00000000e+00 0.00000000e+00 0.00000000e+00 0.00000000e+00 0.00000000e+00
0.00000000e+00 0.00000000e+00 0.00000000e+00 0.00000000e+00 0.00000000e+00 0.00000000e+00 0.00000000e+00 6.84450000e-02 0.00000000e+00 0.00000000e+00 3.89670000e-01 0.00000000e+00 0.00000000e+00 4.05000000e-01 0.00000000e+00 0.00000000e+00 1.14610000e-01 0.00000000e+00 0.00000000e+00 0.00000000e+00 0.00000000e+00 0.00000000e+00 0.00000000e+00 0.00000000e+00 0.00000000e+00 0.00000000e+00 0.00000000e+00 0.00000000e+00 0.00000000e+00
0.00000000e+00 0.00000000e+00 0.00000000e+00 0.00000000e+00 0.00000000e+00 4.79463000e-03 0.00000000e+00 0.00000000e+00 4.33915000e-02 0.00000000e+00 0.00000000e+00 1.14610000e-01 0.00000000e+00 0.00000000e+00 1.16500000e-01 0.00000000e+00 0.00000000e+00 0.00000000e+00 0.00000000e+00 0.00000000e+00 0.00000000e+00 0.00000000e+00 0.00000000e+00 0.00000000e+00 0.00000000e+00 0.00000000e+00 0.00000000e+00 0.00000000e+00 0.00000000e+00
0.00000000e+00 0.00000000e+00 0.00000000e+00 0.00000000e+00 0.00000000e+00 0.00000000e+00 4.79463000e-03 0.00000000e+00 0.00000000e+00 4.33915000e-02 0.00000000e+00 0.00000000e+00 1.14610000e-01 0.00000000e+00 0.00000000e+00 1.16500000e-01 0.00000000e+00 0.00000000e+00 0.00000000e+00 0.00000000e+00 0.00000000e+00 0.00000000e+00 0.00000000e+00 0.00000000e+00 0.00000000e+00 0.00000000e+00 0.00000000e+00 0.00000000e+00 0.00000000e+00
0.00000000e+00 0.00000000e+00 0.00000000e+00 0.00000000e+00 0.00000000e+00 0.00000000e+00 0.00000000e+00 4.79463000e-03 0.00000000e+00 0.00000000e+00 4.33915000e-02 0.00000000e+00 0.00000000e+00 1.14610000e-01 0.00000000e+00 0.00000000e+00 1.16500000e-01 0.00000000e+00 0.00000000e+00 0.00000000e+00 0.00000000e+00 0.00000000e+00 0.00000000e+00 0.00000000e+00 0.00000000e+00 0.00000000e+00 0.00000000e+00 0.00000000e+00 0.00000000e+00
-1.35934000e-01 -4.30008000e-01 4.87942000e-01 2.39672000e-01 7.11641000e-02 0.00000000e+00 0.00000000e+00 0.00000000e+00 0.00000000e+00 0.00000000e+00 0.00000000e+00 0.00000000e+00 0.00000000e+00 0.00000000e+00 0.00000000e+00 0.00000000e+00 0.00000000e+00 1.30000000e+00 -1.00000000e-01 -1.00000000e-01 0.00000000e+00 0.00000000e+00 0.00000000e+00 2.98968000e-01 -1.10408000e-01 -1.10408000e-01 0.00000000e+00 0.00000000e+00 0.00000000e+00
-1.35934000e-01 -4.30008000e-01 4.87942000e-01 2.39672000e-01 7.11641000e-02 0.00000000e+00 0.00000000e+00 0.00000000e+00 0.00000000e+00 0.00000000e+00 0.00000000e+00 0.00000000e+00 0.00000000e+00 0.00000000e+00 0.00000000e+00 0.00000000e+00 0.00000000e+00 -1.00000000e-01 1.30000000e+00 -1.00000000e-01 0.00000000e+00 0.00000000e+00 0.00000000e+00 -1.10408000e-01 2.98968000e-01 -1.10408000e-01 0.00000000e+00 0.00000000e+00 0.00000000e+00
-1.35934000e-01 -4.30008000e-01 4.87942000e-01 2.39672000e-01 7.11641000e-02 0.00000000e+00 0.00000000e+00 0.00000000e+00 0.00000000e+00 0.00000000e+00 0.00000000e+00 0.00000000e+00 0.00000000e+00 0.00000000e+00 0.00000000e+00 0.00000000e+00 0.00000000e+00 -1.00000000e-01 -1.00000000e-01 1.30000000e+00 0.00000000e+00 0.00000000e+00 0.00000000e+00 -1.10408000e-01 -1.10408000e-01 2.98968000e-01 0.00000000e+00 0.00000000e+00 0.00000000e+00
0.00000000e+00 0.00000000e+00 0.00000000e+00 0.00000000e+00 0.00000000e+00 0.00000000e+00 0.00000000e+00 0.00000000e+00 0.00000000e+00 0.00000000e+00 0.00000000e+00 0.00000000e+00 0.00000000e+00 0.00000000e+00 0.00000000e+00 0.00000000e+00 0.00000000e+00 0.00000000e+00 0.00000000e+00 0.00000000e+00 2.10000000e+00 0.00000000e+00 0.00000000e+00 0.00000000e+00 0.00000000e+00 0.00000000e+00 6.14065000e-01 0.00000000e+00 0.00000000e+00
0.00000000e+00 0.00000000e+00 0.00000000e+00 0.00000000e+00 0.00000000e+00 0.00000000e+00 0.00000000e+00 0.00000000e+00 0.00000000e+00 0.00000000e+00 0.00000000e+00 0.00000000e+00 0.00000000e+00 0.00000000e+00 0.00000000e+00 0.00000000e+00 0.00000000e+00 0.00000000e+00 0.00000000e+00 0.00000000e+00 0.00000000e+00 2.10000000e+00 0.00000000e+00 0.00000000e+00 0.00000000e+00 0.00000000e+00 0.00000000e+00 6.14065000e-01 0.00000000e+00
0.00000000e+00 0.00000000e+00 0.00000000e+00 0.00000000e+00 0.00000000e+00 0.00000000e+00 0.00000000e+00 0.00000000e+00 0.00000000e+00 0.00000000e+00 0.00000000e+00 0.00000000e+00 0.00000000e+00 0.00000000e+00 0.00000000e+00 0.00000000e+00 0.00000000e+00 0.00000000e+00 0.00000000e+00 0.00000000e+00 0.00000000e+00 0.00000000e+00 2.10000000e+00 0.00000000e+00 0.00000000e+00 0.00000000e+00 0.00000000e+00 0.00000000e+00 6.14065000e-01
-2.06048000e-02 -1.12471000e-01 -4.80484000e-02 5.78473000e-02 7.62904000e-02 0.00000000e+00 0.00000000e+00 0.00000000e+00 0.00000000e+00 0.00000000e+00 0.00000000e+00 0.00000000e+00 0.00000000e+00 0.00000000e+00 0.00000000e+00 0.00000000e+00 0.00000000e+00 2.98968000e-01 -1.10408000e-01 -1.10408000e-01 0.00000000e+00 0.00000000e+00 0.00000000e+00 4.24667000e-01 -3.26667000e-02 -3.26667000e-02 0.00000000e+00 0.00000000e+00 0.00000000e+00
-2.06048000e-02 -1.12471000e-01 -4.80484000e-02 5.78473000e-02 7.62904000e-02 0.00000000e+00 0.00000000e+00 0.00000000e+00 0.00000000e+00 0.00000000e+00 0.00000000e+00 0.00000000e+00 0.00000000e+00 0.00000000e+00 0.00000000e+00 0.00000000e+00 0.00000000e+00 -1.10408000e-01 2.98968000e-01 -1.10408000e-01 0.00000000e+00 0.00000000e+00 0.00000000e+00 -3.26667000e-02 4.24667000e-01 -3.26667000e-02 0.00000000e+00 0.00000000e+00 0.00000000e+00
-2.06048000e-02 -1.12471000e-01 -4.80484000e-02 5.78473000e-02 7.62904000e-02 0.00000000e+00 0.00000000e+00 0.00000000e+00 0.00000000e+00 0.00000000e+00 0.00000000e+00 0.00000000e+00 0.00000000e+00 0.00000000e+00 0.00000000e+00 0.00000000e+00 0.00000000e+00 -1.10408000e-01 -1.10408000e-01 2.98968000e-01 0.00000000e+00 0.00000000e+00 0.00000000e+00 -3.26667000e-02 -3.26667000e-02 4.24667000e-01 0.00000000e+00 0.00000000e+00 0.00000000e+00
0.00000000e+00 0.00000000e+00 0.00000000e+00 0.00000000e+00 0.00000000e+00 0.00000000e+00 0.00000000e+00 0.00000000e+00 0.00000000e+00 0.00000000e+00 0.00000000e+00 0.00000000e+00 0.00000000e+00 0.00000000e+00 0.00000000e+00 0.00000000e+00 0.00000000e+00 0.00000000e+00 0.00000000e+00 0.00000000e+00 6.14065000e-01 0.00000000e+00 0.00000000e+00 0.00000000e+00 0.00000000e+00 0.00000000e+00 6.86000000e-01 0.00000000e+00 0.00000000e+00
0.00000000e+00 0.00000000e+00 0.00000000e+00 0.00000000e+00 0.00000000e+00 0.00000000e+00 0.00000000e+00 0.00000000e+00 0.00000000e+00 0.00000000e+00 0.00000000e+00 0.00000000e+00 0.00000000e+00 0.00000000e+00 0.00000000e+00 0.00000000e+00 0.00000000e+00 0.00000000e+00 0.00000000e+00 0.00000000e+00 0.00000000e+00 6.14065000e-01 0.00000000e+00 0.00000000e+00 0.00000000e+00 0.00000000e+00 0.00000000e+00 6.86000000e-01 0.00000000e+00
0.00000000e+00 0.00000000e+00 0.00000000e+00 0.00000000e+00 0.00000000e+00 0.00000000e+00 0.00000000e+00 0.00000000e+00 0.00000000e+00 0.00000000e+00 0.00000000e+00 0.00000000e+00 0.00000000e+00 0.00000000e+00 0.00000000e+00 0.00000000e+00 0.00000000e+00 0.00000000e+00 0.00000000e+00 0.00000000e+00 0.00000000e+00 0.00000000e+00 6.14065000e-01 0.00000000e+00 0.00000000e+00 0.00000000e+00 0.00000000e+00 0.00000000e+00 6.86000000e-01
